L -185.8916, 875.0000, 0.0020,  -204.1058, 874.9807, 0.0020,  255, 0, 255
L 144.1069, 881.1082, 10.0020,  144.1064, 888.4122, 10.0020,  0, 0, 0
L 205.8901, 881.1049, 10.0020,  205.8938, 888.4814, 10.0020,  0, 0, 0
L 224.1084, 862.8922, 10.0020,  184.1058, 862.8935, 10.0020,  0, 0, 0
L 224.1075, 888.1614, 10.0020,  224.1084, 862.8922, 10.0020,  0, 0, 0
L 144.1069, 881.1082, 10.0020,  205.8901, 881.1049, 10.0020,  0, 0, 0
L 125.8914, 862.8913, 10.0020,  125.8987, 888.3918, 10.0020,  0, 0, 0
L 165.8918, 862.8922, 10.0020,  125.8914, 862.8913, 10.0020,  0, 0, 0
L 184.1084, 841.1054, 0.0020,  184.1058, 862.8935, 9.0020,  0, 0, 0
L 165.8919, 841.1040, 0.0020,  165.8918, 862.8922, 9.0020,  0, 0, 0
L 203.3196, 702.3206, 0.8408,  206.3021, 702.2503, 0.8446,  0, 0, 0
L 230.8925, 751.1154, 1.0020,  227.1075, 751.1032, 1.0020,  0, 0, 0
L 230.5201, 751.1141, 1.0020,  230.5200, 738.8902, 1.0020,  127, 127, 0
L 230.8914, 738.8898, 1.0030,  227.1062, 738.8939, 1.0020,  0, 0, 0
L 172.7010, 751.1039, 1.0020,  172.6848, 738.8943, 1.0020,  127, 127, 0
L 172.8919, 757.1087, 1.0020,  172.8941, 751.1035, 1.0020,  0, 0, 0
L 227.1085, 757.1086, 1.0020,  172.8919, 757.1087, 1.0020,  0, 0, 0
L 227.1075, 751.1032, 1.0020,  227.1085, 757.1086, 1.0020,  0, 0, 0
L 227.3613, 738.8936, 1.0020,  227.3341, 751.1039, 1.0020,  127, 127, 0
L 227.1078, 732.9400, 1.0020,  227.1062, 738.8939, 1.0020,  0, 0, 0
L 172.8918, 732.8914, 1.0020,  227.1078, 732.9400, 1.0020,  0, 0, 0
L 172.8963, 738.8948, 1.0020,  172.8918, 732.8914, 1.0020,  0, 0, 0
L 169.1079, 738.8871, 1.0020,  172.8963, 738.8948, 1.0020,  0, 0, 0
L 172.8941, 751.1035, 1.0020,  169.1087, 751.1113, 1.0020,  0, 0, 0
L 169.5141, 738.8879, 1.0020,  169.5090, 751.2558, 1.0020,  127, 127, 0
L 230.8930, 729.1078, 0.0020,  169.1079, 729.1063, 0.0020,  0, 0, 0
L 230.8914, 738.8898, 0.0020,  230.8930, 729.1078, 0.0020,  0, 0, 0
L 230.8900, 760.8926, 0.0020,  230.8925, 751.1154, 0.0020,  0, 0, 0
L 169.1066, 760.8915, 0.0020,  230.8900, 760.8926, 0.0020,  0, 0, 0
L 169.1087, 751.1113, 0.0020,  169.1066, 760.8915, 0.0020,  0, 0, 0
L 169.1079, 729.1063, 0.0020,  169.1079, 738.8871, 0.0020,  0, 0, 0
L 104.7264, 759.6241, 1.0067,  105.0957, 759.6246, 1.0067,  0, 0, 240
L 33.8652, 731.4089, 1.0020,  33.8944, 699.3772, 22.0020,  240, 240, 240
L -23.9077, 626.5789, 22.0020,  -24.0079, 594.7849, 1.0020,  240, 240, 240
L 21.1514, 626.5554, 22.0020,  21.2797, 586.8911, 22.0020,  240, 240, 240
L -23.9077, 626.5789, 22.0020,  21.1514, 626.5554, 22.0020,  240, 240, 240
L -32.1192, 789.1195, 21.9885,  -32.1169, 772.8915, 21.9992,  240, 240, 240
L 42.1093, 789.0645, 22.0020,  -32.1192, 789.1195, 22.0014,  240, 240, 240
L 42.1082, 772.8891, 22.0020,  42.1093, 789.0645, 22.0020,  240, 240, 240
L -10.7613, 699.2444, 22.0020,  -10.8802, 769.1082, 22.0020,  240, 240, 240
L 33.8944, 699.3772, 22.0020,  -10.7613, 699.2444, 22.0020,  240, 240, 240
L 28.4145, 748.8583, 1.0020,  28.3758, 753.8915, 1.0020,  127, 64, 0
L 24.7287, 753.8916, 1.0020,  28.3758, 753.8915, 1.0020,  127, 64, 0
L 24.7284, 769.1077, 1.0020,  24.7287, 753.8916, 1.0020,  127, 64, 0
L 19.6084, 748.8583, 1.0020,  28.4145, 748.8583, 1.0020,  127, 64, 0
L 19.6084, 769.1087, 1.0020,  19.6084, 748.8583, 1.0020,  127, 64, 0
L -10.7715, 750.6417, 1.0020,  -15.7842, 750.6415, 1.0020,  127, 64, 0
L -10.7713, 728.7696, 1.0020,  -10.7715, 750.6417, 1.0020,  127, 64, 0
L -16.0179, 728.7725, 1.0020,  -10.7713, 728.7696, 1.0020,  127, 64, 0
L -16.0179, 728.7725, 1.0020,  -15.7842, 750.6415, 1.0020,  127, 64, 0
L -15.8919, 639.3583, 1.0020,  -10.7712, 639.3583, 1.0020,  127, 64, 0
L -15.8916, 700.7283, 1.0020,  -15.8919, 639.3583, 1.0020,  127, 64, 0
L -10.7717, 700.7286, 1.0020,  -15.8916, 700.7283, 1.0020,  127, 64, 0
L -10.7712, 639.3583, 1.0020,  -10.7717, 700.7286, 1.0020,  127, 64, 0
L -32.0882, 584.8916, 1.0020,  -4.8912, 584.8929, 1.0020,  0, 0, 0
L -32.1085, 769.1109, 1.0020,  -32.0882, 584.8916, 1.0020,  0, 0, 0
L -9.1054, 769.1066, 1.0020,  -32.1085, 769.1109, 1.0020,  0, 0, 0
L -9.1097, 772.8918, 0.5020,  -9.1054, 769.1066, 0.5020,  0, 0, 0
L -34.1084, 772.8915, 0.5020,  -9.1097, 772.8918, 0.5020,  0, 0, 0
L -34.1067, 777.8916, 0.5020,  -34.1109, 766.0672, 0.5020,  0, 0, 0
L -45.8937, 777.8915, 0.0020,  -34.1067, 777.8916, 0.0020,  0, 0, 0
L -45.8917, 766.1579, 0.0020,  -45.8937, 777.8915, 0.0020,  0, 0, 0
L -34.1109, 766.0672, 0.0020,  -45.8917, 766.1579, 0.0020,  0, 0, 0
L -35.8919, 680.9297, 0.0020,  -35.8917, 766.0809, 0.0020,  0, 0, 0
L -40.8942, 680.8817, 0.0020,  -35.8919, 680.9297, 0.0020,  0, 0, 0
L -40.8899, 674.1030, 0.0020,  -40.8942, 680.8817, 0.0020,  0, 0, 0
L -35.8913, 674.1080, 0.0020,  -40.8899, 674.1030, 0.0020,  0, 0, 0
L -35.8914, 587.8915, 0.0020,  -35.8913, 674.1080, 0.0020,  0, 0, 0
L -45.8929, 587.8929, 0.0020,  -34.1134, 587.8912, 0.0020,  0, 0, 0
L -45.8920, 576.1052, 0.0020,  -45.8929, 587.8929, 0.0020,  0, 0, 0
L -34.1051, 576.1086, 0.0020,  -45.8920, 576.1052, 0.0020,  0, 0, 0
L -34.1134, 587.8912, 0.5020,  -34.1051, 576.1086, 0.5020,  0, 0, 0
L 0.8950, 581.1072, 0.5020,  -34.1086, 581.1085, 0.5020,  0, 0, 0
L 0.8900, 584.8970, 1.0020,  0.8950, 581.1072, 1.0020,  0, 0, 0
L -0.1007, 584.8916, 1.0020,  0.8900, 584.8970, 1.0020,  0, 0, 0
L -0.1084, 587.8903, 1.0020,  -0.1007, 584.8916, 1.0020,  0, 0, 0
L -0.1084, 587.8903, 1.0020,  -4.8918, 587.8934, 1.0020,  0, 0, 0
L -4.8907, 584.8918, 1.0020,  -4.8918, 587.8934, 1.0020,  0, 0, 0
L 20.2706, 619.6736, 1.0020,  25.3746, 619.6289, 1.0020,  127, 64, 0
L 25.5013, 597.7712, 1.0020,  20.2719, 597.7720, 1.0020,  127, 64, 0
L 25.3746, 619.6289, 1.0020,  25.5013, 597.7712, 1.0020,  127, 64, 0
L 20.2719, 597.7720, 1.0020,  20.2706, 619.6736, 1.0020,  127, 64, 0
L 44.1114, 587.8903, 0.0020,  55.8922, 587.8980, 0.0020,  0, 0, 0
L 45.9047, 766.1091, 0.0020,  45.8916, 587.8915, 0.0020,  0, 0, 0
L 55.8919, 766.1074, 0.0020,  44.1144, 766.1094, 0.0020,  0, 0, 0
L 55.8919, 766.1074, 0.0020,  55.8916, 777.8968, 0.0020,  0, 0, 0
L 44.1037, 777.8887, 0.0020,  55.8916, 777.8968, 0.0020,  0, 0, 0
L 44.1144, 766.1094, 0.5020,  44.1037, 777.8887, 0.5020,  0, 0, 0
L 165.8919, 841.1040, 0.0020,  -185.8896, 841.1070, 0.0020,  0, 0, 0
L -204.1058, 874.9807, 0.0020,  -204.1084, 822.8914, 0.0020,  0, 0, 0
L -204.1084, 822.8914, 0.0020,  -154.1079, 822.8945, 0.0020,  0, 0, 0
L -154.1079, 822.8945, 0.0020,  -154.1084, 584.8915, 0.0020,  0, 0, 0
L -154.1084, 584.8915, 0.0020,  -132.1095, 584.8936, 0.0020,  0, 0, 0
L -132.1095, 584.8936, 0.0020,  -132.1026, 559.1061, 0.0020,  0, 0, 0
L -132.1026, 559.1061, 0.0020,  -152.1084, 559.1085, 0.0020,  0, 0, 0
L -152.1084, 559.1085, 0.0020,  -152.1045, 557.1074, 0.0020,  0, 0, 0
L -152.1045, 557.1074, 0.0020,  -197.8919, 557.1049, -0.4980,  0, 0, 0
L -197.8919, 557.1049, -0.9980,  -197.8921, 597.1085, -0.9980,  0, 0, 0
L -197.8921, 597.1085, -0.9980,  -204.1087, 597.1080, -0.9980,  0, 0, 0
L -204.1141, 598.8911, -0.9980,  -204.1057, 596.1088, -0.9980,  127, 64, 0
L -204.1057, 596.1088, -0.9980,  -217.8908, 596.1072, -0.9980,  127, 64, 0
L -217.8908, 596.1072, -0.9980,  -217.8927, 598.8935, -0.9980,  127, 64, 0
L -217.8927, 598.8935, -1.4980,  -204.1141, 598.8911, -1.4980,  127, 64, 0
L -205.8924, 598.8914, -1.4980,  -205.8913, 617.1083, -1.4980,  0, 0, 0
L -205.8913, 617.1083, -1.4980,  -228.1086, 617.1085, -1.4980,  0, 0, 0
L -228.1086, 617.1085, -1.4980,  -228.1084, 598.8923, -1.4980,  0, 0, 0
L -229.8867, 598.8918, -1.4980,  -226.1008, 598.8928, -1.4980,  0, 0, 0
L -226.1008, 598.8928, -0.9980,  -226.1163, 595.1089, -0.9980,  0, 0, 0
L -226.1163, 595.1089, -0.9980,  -229.8960, 595.1051, -0.9980,  0, 0, 0
L -229.8960, 595.1051, -0.9980,  -229.8867, 598.8918, -0.9980,  0, 0, 0
L -237.1090, 597.1084, -0.9980,  -237.1060, 585.1102, -0.9980,  127, 64, 0
L -229.8911, 597.1086, -1.4980,  -260.1076, 597.1078, -1.4980,  0, 0, 0
L -260.1076, 597.1078, -1.4980,  -260.1104, 486.8914, -1.4980,  0, 0, 0
L -239.8913, 573.6085, -1.4980,  -239.8945, 563.1036, -1.4980,  127, 64, 0
L -204.1055, 488.8944, -0.9980,  -204.1112, 485.1108, -0.9980,  0, 0, 0
L -204.1085, 486.8915, -0.9980,  -197.8914, 486.8916, -0.9980,  0, 0, 0
L -197.8914, 486.8916, -0.9980,  -197.8951, 526.8916, -0.9980,  0, 0, 0
L -197.8951, 526.8916, -0.4980,  -152.1010, 526.8918, 0.0020,  0, 0, 0
L -152.1010, 526.8918, 0.0020,  -152.1084, 524.8909, 0.0030,  0, 0, 0
L -132.1071, 524.8924, 0.0020,  -132.1066, 499.1059, 0.0020,  0, 0, 0
L -132.1066, 499.1059, 0.0020,  -154.1085, 499.1085, 0.0020,  0, 0, 0
L -154.1085, 499.1085, 0.0020,  -154.0824, 302.8915, 0.0020,  0, 0, 0
L -132.1071, 524.8924, 0.0020,  -152.1085, 524.8915, 0.0020,  0, 0, 0
L -154.0824, 302.8915, 0.0020,  -134.1055, 302.8952, 0.0020,  0, 0, 0
L -134.1055, 302.8952, 0.0020,  -134.1048, 241.1077, 0.0020,  0, 0, 0
L -134.1048, 241.1077, 0.0020,  -174.1084, 241.1085, 0.0020,  0, 0, 0
L -174.1084, 241.1085, 0.0020,  -174.1064, 222.6298, 0.0020,  0, 0, 0
L -174.1064, 222.6298, 0.0020,  -174.1072, 171.1083, -18.9980,  0, 0, 0
L -155.8919, 222.8923, -0.9980,  -155.8924, 171.5972, -19.9980,  0, 0, 0
L -155.8924, 171.5972, -19.9980,  -155.8938, 139.7411, -19.9980,  0, 0, 0
L -155.8938, 139.7411, -19.9980,  -124.4431, 173.2875, -19.9980,  0, 0, 0
L -124.4431, 173.2875, -19.9980,  -94.6508, 189.1710, -19.9980,  0, 0, 0
L -94.6508, 189.1710, -19.9980,  -64.8324, 197.1226, -19.9980,  0, 0, 0
L -64.8324, 197.1226, -19.9980,  -34.9848, 201.1024, -19.9980,  0, 0, 0
L -34.9848, 201.1024, -19.9980,  -4.8464, 203.1082, -19.9980,  0, 0, 0
L -4.8464, 203.1082, -19.9980,  17.1158, 202.9651, -19.9980,  0, 0, 0
L 17.1158, 202.9651, -19.9980,  44.8650, 201.1150, -19.9980,  0, 0, 0
L 44.8650, 201.1150, -19.9980,  74.8165, 197.1257, -19.9980,  0, 0, 0
L 74.8165, 197.1257, -19.9980,  104.6790, 189.1615, -19.9980,  0, 0, 0
L 104.6790, 189.1615, -19.9980,  134.4204, 173.2990, -19.9980,  0, 0, 0
L 134.4204, 173.2990, -19.9980,  165.8940, 139.7423, -19.9980,  0, 0, 0
L 125.8918, 282.8946, 0.0020,  125.8913, 222.8919, 0.0020,  0, 0, 0
L 125.8913, 222.8919, 0.0020,  165.8934, 222.8929, 0.0020,  0, 0, 0
L 165.8934, 222.8929, -1.0000,  165.8940, 139.7423, -19.9980,  0, 0, 0
L 144.1056, 241.1055, 0.0020,  184.1084, 241.1082, 0.0020,  0, 0, 0
L 184.1084, 241.1082, 0.0020,  184.0988, 222.2405, 0.0020,  0, 0, 0
L 184.0988, 222.2405, 0.0020,  184.1075, 171.1152, -18.9980,  0, 0, 0
L 184.1075, 171.1152, -19.9980,  194.1081, 171.0913, -19.9980,  0, 0, 0
L 194.1081, 171.0913, -19.9980,  194.1053, 111.7768, -19.9980,  0, 0, 0
L 194.1053, 111.7768, -19.9980,  210.1518, 81.6972, -19.9980,  0, 0, 0
L 210.1518, 81.6972, -19.9980,  218.1069, 51.8919, -19.9980,  0, 0, 0
L 218.1069, 51.8919, -19.9980,  218.1091, 22.1235, -19.9980,  0, 0, 0
L 218.1091, 22.1235, -19.9980,  209.9983, -7.9820, -19.9980,  0, 0, 0
L 209.9983, -7.9820, -19.9980,  194.1037, -37.7842, -19.9980,  0, 0, 0
L 194.1037, -37.7842, -19.9980,  194.1065, -110.8915, -19.9980,  0, 0, 0
L 194.1065, -110.8915, -19.9980,  214.8551, -110.8926, -19.9980,  0, 0, 0
L 214.8551, -110.8926, -19.9980,  254.1086, -110.8914, -31.9980,  0, 0, 0
L 254.1086, -110.8914, -31.9980,  254.1054, -154.8931, -31.9980,  0, 0, 0
L 254.1054, -154.8931, -31.9980,  270.8945, -154.8927, -31.9980,  0, 0, 0
L 289.1073, -154.8940, -31.9980,  299.0931, -154.8914, -31.9980,  0, 0, 0
L 299.0931, -154.8914, -31.9980,  299.0626, -219.1078, -31.9980,  0, 0, 0
L 299.0626, -219.1078, -31.9980,  272.2108, -219.1083, -31.9980,  0, 0, 0
L 247.7969, -219.1074, -31.9980,  235.8915, -219.1088, -31.9980,  0, 0, 0
L 235.8915, -219.1088, -31.9980,  235.8916, -129.1061, -31.9980,  0, 0, 0
L 165.8925, -65.7372, -19.9980,  165.8913, -129.1082, -19.9980,  0, 0, 0
L 165.8913, -129.1082, -19.9980,  212.6028, -129.1064, -19.9980,  0, 0, 0
L 212.6028, -129.1064, -19.9980,  235.8916, -129.1061, -29.9980,  0, 0, 0
L 165.8925, -65.7372, -19.9980,  134.4633, -99.2696, -19.9980,  0, 0, 0
L 134.4633, -99.2696, -19.9980,  104.6611, -115.1683, -19.9980,  0, 0, 0
L 104.6611, -115.1683, -19.9980,  74.5854, -123.1557, -19.9980,  0, 0, 0
L 74.5854, -123.1557, -19.9980,  45.3140, -127.0585, -19.9980,  0, 0, 0
L 45.3140, -127.0585, -19.9980,  14.5940, -129.1083, -19.9980,  0, 0, 0
L 14.5940, -129.1083, -19.9980,  -4.9184, -129.1084, -19.9980,  0, 0, 0
L -4.9184, -129.1084, -19.9980,  -35.0638, -127.0919, -19.9980,  0, 0, 0
L -35.0638, -127.0919, -19.9980,  -65.5645, -122.9273, -19.9980,  0, 0, 0
L -65.5645, -122.9273, -19.9980,  -94.8108, -115.0907, -19.9980,  0, 0, 0
L -94.8108, -115.0907, -19.9980,  -124.4630, -99.2702, -19.9980,  0, 0, 0
L -124.4630, -99.2702, -19.9980,  -155.8859, -65.7493, -19.9980,  0, 0, 0
L -155.8859, -65.7493, -19.9980,  -155.9483, -129.1081, -19.9980,  0, 0, 0
L -155.9483, -129.1081, -19.9980,  -204.0154, -129.1070, -19.9980,  0, 0, 0
L -204.0154, -129.1070, -19.9980,  -244.1078, -129.1087, -31.9980,  0, 0, 0
L -244.1078, -129.1087, -31.9980,  -244.1052, -82.2337, -31.9980,  0, 0, 0
L -244.1052, -82.2337, -31.9980,  -244.1052, -49.1049, -47.9980,  0, 0, 0
L -184.1057, -37.7810, -19.9980,  -184.1059, -110.8924, -19.9980,  0, 0, 0
L -184.1059, -110.8924, -19.9980,  -203.3349, -110.8933, -19.9980,  0, 0, 0
L -203.3349, -110.8933, -19.9980,  -225.8932, -110.8922, -29.9980,  0, 0, 0
L -225.8932, -110.8922, -31.9980,  -225.8943, -83.0853, -31.9980,  0, 0, 0
L -225.8943, -83.0853, -31.9980,  -225.8923, -49.1049, -47.9980,  0, 0, 0
L -225.8923, -49.1049, -49.9980,  -221.8915, -49.1089, -49.9979,  0, 0, 0
L -221.8915, -49.1089, -49.9979,  -221.8913, 19.1087, -49.9979,  0, 0, 0
L -221.8913, 19.1087, -49.9979,  -228.8907, 19.1047, -49.9980,  0, 0, 0
L -228.8907, 19.1047, -49.9980,  -228.8937, 22.8944, -49.9980,  0, 0, 0
L -228.8937, 22.8944, -49.9980,  -215.8915, 22.8916, -49.9980,  0, 0, 0
L -215.8915, 22.8916, -49.9980,  -215.8959, 27.8920, -49.9980,  0, 0, 0
L -268.8909, -29.1082, -49.9980,  -250.1075, -29.1057, -49.9980,  0, 0, 0
L -250.1075, -29.1057, -49.9980,  -250.1086, -49.1085, -49.9980,  0, 0, 0
L -250.1086, -49.1085, -49.9980,  -244.1052, -49.1049, -49.9980,  0, 0, 0
L -184.1057, -37.7810, -19.9980,  -200.1552, -7.6911, -19.9980,  0, 0, 0
L -200.1552, -7.6911, -19.9980,  -208.1088, 22.1459, -19.9980,  0, 0, 0
L -208.1088, 22.1459, -19.9980,  -208.1060, 51.8943, -19.9980,  0, 0, 0
L -208.1060, 51.8943, -19.9980,  -200.1704, 81.6519, -19.9980,  0, 0, 0
L -200.1704, 81.6519, -19.9980,  -184.0834, 111.8717, -19.9980,  0, 0, 0
L -184.0834, 111.8717, -19.9980,  -184.1086, 171.1084, -19.9980,  0, 0, 0
L -184.1086, 171.1084, -19.9980,  -174.1072, 171.1083, -19.9980,  0, 0, 0
L -155.8919, 222.8923, 0.0020,  -115.8915, 222.8912, 0.0020,  0, 0, 0
L -115.8915, 222.8912, 0.0020,  -115.8947, 282.8952, 0.0020,  0, 0, 0
L -115.8947, 282.8952, 0.0020,  -55.8912, 282.8924, 0.0020,  0, 0, 0
L -55.8912, 282.8924, 0.0020,  -55.8957, 302.8923, 0.0020,  0, 0, 0
L -55.8957, 302.8923, 0.0020,  -35.8944, 302.8914, 0.0020,  0, 0, 0
L -35.8944, 302.8914, 0.0020,  -35.8947, 502.8919, 0.0020,  0, 0, 0
L -35.8947, 502.8919, 0.0020,  45.8948, 502.8944, 0.0020,  0, 0, 0
L 45.8948, 502.8944, 0.0020,  45.8916, 302.8915, 0.0020,  0, 0, 0
L 45.8916, 302.8915, 0.0020,  65.8928, 302.8958, 0.0020,  0, 0, 0
L 65.8928, 302.8958, 0.0020,  65.8915, 282.8925, 0.0020,  0, 0, 0
L 65.8915, 282.8925, 0.0020,  125.8918, 282.8946, 0.0020,  0, 0, 0
L 144.1056, 241.1055, 0.0020,  144.1053, 302.8915, 0.0020,  0, 0, 0
L 144.1053, 302.8915, 0.0020,  164.1084, 302.8920, 0.0020,  0, 0, 0
L 164.1084, 302.8920, 0.0020,  164.1085, 501.1084, 0.0020,  0, 0, 0
L 167.8924, 501.1091, 0.0020,  144.1084, 501.1050, 0.0020,  0, 0, 0
L 144.1084, 501.1050, 0.0020,  144.1039, 524.8931, 0.0020,  0, 0, 0
L 144.1039, 524.8931, 0.0020,  167.8932, 524.8938, 0.0020,  0, 0, 0
L 167.8932, 524.8938, 0.0020,  167.8924, 501.1091, 0.0020,  0, 0, 0
L 167.8925, 502.8911, 0.0020,  244.1086, 502.8913, 0.0020,  0, 0, 0
L 244.1086, 502.8913, 0.0020,  244.1084, 841.1083, 0.0020,  0, 0, 0
L 244.1090, 841.1084, 0.0020,  184.1084, 841.1054, 0.0020,  0, 0, 0
L 105.6819, 539.9912, 1.0067,  -95.5949, 540.0435, 1.0128,  0, 240, 0
L -95.5963, 543.0295, 1.0067,  105.7567, 543.1236, 1.0067,  0, 240, 0
L 106.5419, 601.9299, 1.0067,  107.0852, 759.6257, 1.0067,  0, 0, 240
L 103.7079, 759.6232, 1.0067,  107.0852, 759.6257, 1.0067,  0, 0, 240
L 103.7079, 759.6232, 1.0067,  103.6974, 601.9332, 1.0067,  0, 0, 240
L 203.1091, 542.8640, 1.0077,  203.3196, 702.3206, 1.0067,  0, 0, 0
L 206.3021, 702.2503, 1.0067,  206.0679, 542.8516, 1.0067,  0, 0, 0
L 55.8922, 587.8980, 0.0020,  55.8932, 576.1074, 0.0020,  0, 0, 0
L 55.8932, 576.1074, 0.0020,  44.1062, 576.1052, 0.0020,  0, 0, 0
L 44.1062, 576.1052, 0.5020,  44.1114, 587.8903, 0.5020,  0, 0, 0
L 44.1084, 581.1075, 0.5020,  19.1102, 581.1053, 0.5020,  0, 0, 0
L 19.1102, 581.1053, 1.0020,  19.1066, 584.8936, 1.0020,  0, 0, 0
L 19.1066, 584.8936, 1.0020,  20.1084, 584.8916, 1.0020,  0, 0, 0
L 20.1084, 584.8916, 1.0020,  20.0946, 586.8902, 1.0020,  0, 0, 0
L 23.8952, 586.8932, 1.0020,  23.8916, 584.8917, 1.0020,  0, 0, 0
L 23.8916, 584.8917, 1.0020,  42.1082, 584.8926, 1.0020,  0, 0, 0
L 20.0946, 586.8902, 1.0020,  23.8952, 586.8932, 1.0020,  0, 0, 0
L 42.1082, 584.8926, 1.0020,  42.1086, 769.1076, 1.0020,  0, 0, 0
L 42.1086, 769.1076, 1.0020,  9.1088, 769.1078, 1.0020,  0, 0, 0
L 9.1088, 769.1078, 0.5020,  9.1070, 772.8932, 0.5020,  0, 0, 0
L 9.1070, 772.8932, 0.5020,  44.1082, 772.8889, 0.5020,  0, 0, 0
L 144.1064, 888.4122, 10.0020,  125.8987, 888.3918, 10.0030,  255, 0, 255
L 205.8927, 888.3197, 10.0020,  224.1075, 888.1614, 10.0020,  255, 0, 255
L -185.8896, 841.1070, 0.0020,  -185.8960, 874.7483, 0.0020,  0, 0, 0
L -130.8939, 812.8915, 0.0020,  -69.1120, 812.8925, 0.0020,  0, 0, 0
L -69.1120, 812.8925, 0.0020,  -69.1068, 803.1129, 0.0020,  0, 0, 0
L -69.3913, 803.1122, 1.0020,  -69.4246, 790.8903, 1.0020,  127, 64, 0
L -69.1099, 790.8900, 1.0020,  -72.8972, 790.8936, 1.0020,  0, 0, 0
L -69.1068, 803.1129, 1.0020,  -72.8948, 803.1047, 1.0020,  0, 0, 0
L -72.8948, 803.1047, 1.0020,  -72.8913, 809.1076, 1.0020,  0, 0, 0
L -72.8913, 809.1076, 1.0020,  -127.1085, 809.1083, 1.0020,  0, 0, 0
L -127.1085, 809.1083, 1.0020,  -127.1042, 803.1053, 1.0020,  0, 0, 0
L -127.3806, 803.0820, 1.0020,  -127.3493, 790.8939, 1.0020,  127, 64, 0
L -127.1080, 790.8943, 1.0020,  -127.1086, 784.8914, 1.0020,  0, 0, 0
L -127.1086, 784.8914, 1.0020,  -72.8915, 784.8913, 1.0020,  0, 0, 0
L -72.8915, 784.8913, 1.0020,  -72.8972, 790.8936, 1.0020,  0, 0, 0
L -72.6177, 790.8932, 1.0020,  -72.5544, 803.1054, 1.0020,  127, 64, 0
L -69.1099, 790.8900, 0.0020,  -69.1055, 781.1077, 0.0020,  0, 0, 0
L -69.1055, 781.1077, 0.0020,  -130.8899, 781.1075, 0.0020,  0, 0, 0
L -130.8899, 781.1075, 0.0020,  -130.8942, 790.8875, 0.0020,  0, 0, 0
L -130.5434, 790.8881, 1.0020,  -130.5454, 803.1087, 1.0020,  127, 64, 0
L -130.8896, 803.1090, 1.0020,  -127.1042, 803.1053, 1.0020,  0, 0, 0
L -130.8942, 790.8875, 1.0020,  -127.1080, 790.8943, 1.0020,  0, 0, 0
L -130.8896, 803.1090, 0.0020,  -130.8939, 812.8915, 0.0020,  0, 0, 0
L -93.5622, 761.0753, 1.0067,  -96.4675, 761.0730, 1.0067,  240, 0, 0
L -96.4675, 761.0730, 1.0067,  -96.1319, 601.2847, 1.0067,  240, 0, 0
L -96.1319, 601.2847, 0.5020,  -93.1970, 601.2805, 0.5020,  240, 0, 0
L -93.1970, 601.2805, 1.0067,  -93.5622, 761.0753, 1.0067,  240, 0, 0
L -95.5949, 540.0435, 0.5020,  -95.5963, 543.0295, 0.5020,  0, 240, 0
L 105.7567, 543.1236, 0.5020,  105.6819, 539.9912, 0.5020,  0, 240, 0
L 103.6974, 601.9332, 0.9894,  106.5419, 601.9299, 0.9878,  0, 0, 240
L 184.9583, 542.3321, 1.0020,  224.5506, 542.2150, 1.0020,  127, 127, 127
L 224.5506, 542.2150, 1.0020,  224.1886, 703.2216, 1.0020,  127, 127, 127
L 185.4059, 703.1059, 0.0020,  224.1886, 703.2216, 0.0020,  127, 127, 127
L 185.4059, 703.1059, 1.0020,  184.9583, 542.3321, 1.0019,  127, 127, 127
L 206.0679, 542.8516, 1.0020,  203.1091, 542.8640, 1.0020,  0, 0, 0
L 107.3731, 482.6344, 0.5020,  103.2684, 482.6307, 0.5020,  0, 240, 240
L 107.3731, 482.6344, 1.0067,  106.3115, 321.5660, 1.0067,  0, 240, 240
L 106.3115, 321.5660, 0.5020,  103.4759, 321.5657, 0.5020,  0, 240, 240
L 103.4759, 321.5657, 1.0067,  103.2684, 482.6307, 1.0067,  0, 240, 240
L -239.8931, 585.1058, -1.4980,  -239.8915, 597.1084, -1.4980,  127, 64, 0
L -237.1060, 585.1102, -0.9980,  -239.8931, 585.1058, -0.9980,  127, 64, 0
L -260.1082, 573.6088, -1.4980,  -239.8913, 573.6083, -1.4980,  127, 64, 0
L -237.1077, 563.1110, -0.9980,  -239.8945, 563.1036, -0.9980,  127, 64, 0
L -237.1077, 563.1110, -0.9980,  -237.1086, 576.4226, -0.9980,  127, 64, 0
L -237.1086, 576.4226, -1.4980,  -260.1082, 576.3885, -1.4980,  127, 64, 0
L -260.1087, 554.3909, -1.4980,  -237.1091, 554.4030, -1.4980,  127, 64, 0
L -237.1091, 554.4030, -0.9980,  -237.1059, 541.1111, -0.9980,  127, 64, 0
L -237.1059, 541.1111, -0.9980,  -239.8960, 541.1042, -0.9980,  127, 64, 0
L -239.8960, 541.1042, -1.4980,  -239.8913, 551.6085, -1.4980,  127, 64, 0
L -239.8913, 551.6085, -1.4980,  -260.1088, 551.5960, -1.4980,  127, 64, 0
L -260.1093, 532.3920, -1.4980,  -237.1073, 532.3926, -1.4980,  127, 64, 0
L -237.1073, 532.3926, -0.9980,  -237.1067, 519.1098, -0.9980,  127, 64, 0
L -237.1067, 519.1098, -0.9980,  -239.8941, 519.1053, -1.0023,  127, 64, 0
L -239.8941, 519.1053, -1.4980,  -239.8913, 529.6083, -1.4980,  127, 64, 0
L -239.8913, 529.6083, -1.4980,  -260.1093, 529.6080, -1.4980,  127, 64, 0
L -260.1098, 510.3936, -1.4980,  -237.1091, 510.4040, -1.4980,  127, 64, 0
L -237.1091, 510.4040, -0.9980,  -237.1062, 497.1046, -0.9980,  127, 64, 0
L -239.8924, 497.1101, -0.9980,  -237.1062, 497.1046, -0.9980,  127, 64, 0
L -239.8924, 497.1101, -1.4980,  -239.8920, 507.6087, -1.4980,  127, 64, 0
L -239.8920, 507.6087, -1.4980,  -260.1099, 507.5975, -1.4980,  127, 64, 0
L -260.1104, 486.8914, -1.4980,  -229.8912, 486.8919, -0.9980,  0, 0, 0
L -229.8939, 487.8906, -0.9980,  -216.1102, 487.8941, -0.9980,  127, 64, 0
L -216.1102, 487.8941, -0.9980,  -216.1059, 485.1068, -0.9980,  127, 64, 0
L -216.1059, 485.1068, -1.4980,  -229.8868, 485.1087, -1.4980,  127, 64, 0
L -228.1078, 485.1084, -1.4980,  -228.1082, 466.8916, -1.4980,  0, 0, 0
L -228.1082, 466.8916, -1.4980,  -205.9127, 466.8917, -1.4980,  0, 0, 0
L -205.9127, 466.8917, -1.4980,  -205.8915, 485.1082, -1.4980,  0, 0, 0
L -204.1112, 485.1108, -1.4980,  -207.8896, 485.1053, -1.4980,  0, 0, 0
L -229.8868, 485.1087, -0.9980,  -229.8939, 487.8906, -0.9980,  127, 64, 0
L -207.8896, 485.1053, -0.9980,  -207.8941, 488.8889, -0.9980,  0, 0, 0
L -207.8941, 488.8889, -0.9980,  -204.1055, 488.8944, -0.9980,  0, 0, 0
L -74.3020, 482.9994, 0.0020,  -115.2151, 482.8745, 0.0020,  127, 127, 127
L -115.2151, 482.8745, 0.0020,  -114.9356, 321.0888, 1.0020,  127, 127, 127
L -114.9356, 321.0888, 0.0020,  -74.5759, 320.9132, 0.0020,  127, 127, 127
L -74.5759, 320.9132, 0.0020,  -74.3020, 482.9994, 0.0020,  127, 127, 127
L -138.1076, 46.0718, -69.9979,  -138.1086, 51.8852, -69.9979,  127, 0, 0
L -138.1086, 51.8852, -69.9979,  -124.1886, 101.5675, -69.9979,  127, 0, 0
L -124.1886, 101.5675, -69.9979,  -104.4280, 123.3036, -69.9979,  127, 0, 0
L -104.4280, 123.3036, -69.9979,  -94.6887, 129.1354, -69.9979,  127, 0, 0
L -94.6887, 129.1354, -69.9979,  -64.9522, 132.1092, -69.9979,  127, 0, 0
L -64.9522, 132.1092, -69.9979,  74.9607, 132.1087, -69.9979,  127, 0, 0
L 74.9607, 132.1087, -69.9979,  104.7435, 129.1151, -69.9979,  127, 0, 0
L 104.7435, 129.1151, -69.9979,  114.4272, 123.3048, -69.9979,  127, 0, 0
L 114.4272, 123.3048, -69.9979,  134.2095, 101.5344, -69.9979,  127, 0, 0
L 134.2095, 101.5344, -69.9979,  148.1090, 51.8696, -69.9979,  127, 0, 0
L 148.1085, 51.8787, -69.9979,  148.1065, 46.1085, -69.9980,  127, 0, 0
L 149.8158, 46.1085, -69.9979,  149.7562, 27.8909, -69.9979,  127, 127, 0
L 148.1125, 27.8906, -69.9979,  148.1011, 22.0878, -69.9979,  127, 0, 0
L 114.4463, -49.2843, -69.9979,  105.3739, -54.7358, -69.9980,  127, 0, 0
L 105.3739, -54.7358, -69.9980,  75.1843, -58.0854, -69.9979,  127, 0, 0
L 75.1843, -58.0854, -69.9979,  -64.9574, -58.1090, -69.9979,  127, 0, 0
L -64.9574, -58.1090, -69.9979,  -104.4469, -49.2836, -69.9979,  127, 0, 0
L -104.4469, -49.2836, -69.9979,  -124.1949, -27.5607, -69.9979,  127, 0, 0
L -124.1949, -27.5607, -69.9979,  -138.1052, 22.1026, -69.9979,  127, 0, 0
L -138.1052, 22.1026, -69.9979,  -138.1076, 27.9369, -69.9979,  127, 0, 0
L -141.3732, 27.9280, -69.9979,  -141.2363, 46.1084, -69.9979,  127, 127, 0
L -144.1427, 45.7732, -69.9979,  -144.1140, 28.1955, -69.9979,  127, 127, 0
L -138.1076, 46.0718, -69.9979,  -215.8957, 46.1074, -50.9845,  63, 63, 63
L -138.1076, 27.9369, -69.9979,  -215.8959, 27.8920, -50.5289,  63, 63, 63
L -215.8957, 46.1074, -49.9980,  -215.8916, 51.1084, -49.9980,  0, 0, 0
L -215.8916, 51.1084, -49.9980,  -250.0898, 51.1084, -49.9980,  0, 0, 0
L -250.0898, 51.1084, -49.9980,  -250.1084, 22.8914, -49.9980,  0, 0, 0
L -250.1084, 22.8914, -49.9980,  -244.1106, 22.8951, -49.9980,  0, 0, 0
L -244.1106, 22.8951, -49.9980,  -244.1039, 19.1047, -49.9980,  0, 0, 0
L -244.1039, 19.1047, -49.9980,  -250.1084, 19.1084, -49.9980,  0, 0, 0
L -250.1084, 19.1084, -49.9980,  -250.1061, -16.8939, -49.9980,  0, 0, 0
L -250.1061, -16.8939, -49.9980,  -268.8901, -16.8926, -49.9980,  0, 0, 0
L -268.8901, -16.8926, -49.9980,  -268.8944, -11.1065, -49.9980,  0, 0, 0
L -268.8944, -11.1065, -50.9980,  -260.9460, -11.1080, -50.9980,  0, 0, 0
L -260.9460, -11.1080, -50.9980,  -260.9206, 15.1081, -50.9980,  0, 0, 0
L -260.9206, 15.1081, -50.9980,  -289.1084, 15.1085, -50.9979,  0, 0, 0
L -289.1084, 15.1085, -50.9979,  -289.1084, -11.1084, -50.9980,  0, 0, 0
L -294.8912, -11.1107, -50.9980,  -281.1069, -11.1053, -50.9980,  0, 0, 0
L -281.1069, -11.1053, -49.9980,  -281.1091, -16.8929, -49.9980,  0, 0, 0
L -281.1085, -12.1055, -49.9980,  -268.8914, -12.1048, -49.9980,  127, 127, 0
L -268.8916, -15.8943, -49.9980,  -281.1082, -15.8984, -49.9980,  127, 127, 0
L -289.1249, -16.8993, -49.9980,  -289.1364, -29.1083, -49.9980,  127, 127, 0
L -294.8945, -29.1095, -49.9980,  -281.1028, -29.1066, -49.9980,  0, 0, 0
L -281.1091, -16.8929, -49.9980,  -294.8918, -16.8926, -49.9980,  0, 0, 0
L -294.8918, -16.8926, -50.9980,  -294.8910, -8.9233, -50.9980,  0, 0, 0
L -294.8910, -8.9233, -50.9980,  -321.1082, -8.8913, -50.9979,  0, 0, 0
L -321.1082, -8.8913, -50.9979,  -321.1089, -37.1083, -50.9970,  0, 0, 0
L -321.1089, -37.1083, -50.9970,  -294.8913, -37.1082, -50.9980,  0, 0, 0
L -294.8913, -37.1082, -50.9980,  -294.8945, -29.1095, -50.9980,  0, 0, 0
L -292.9109, -16.8917, -49.9980,  -292.9212, -29.0963, -49.9980,  127, 127, 0
L -281.1046, -30.1097, -49.9980,  -268.8913, -30.1031, -49.9980,  127, 127, 0
L -268.8909, -29.1082, -49.9980,  -268.8933, -34.8958, -49.9980,  0, 0, 0
L -281.1128, -34.8933, -49.9980,  -281.1028, -29.1066, -49.9980,  0, 0, 0
L -281.1128, -34.8933, -50.9980,  -294.8922, -34.8919, -50.9980,  0, 0, 0
L -289.1085, -34.8925, -50.9980,  -289.1088, -61.1079, -50.9980,  0, 0, 0
L -289.1088, -61.1079, -50.9980,  -260.8919, -61.1089, -50.9980,  0, 0, 0
L -260.8919, -61.1089, -50.9980,  -260.8913, -34.8915, -50.9979,  0, 0, 0
L -260.8913, -34.8915, -50.9979,  -268.8933, -34.8958, -50.9980,  0, 0, 0
L -268.8929, -33.8912, -49.9980,  -281.1111, -33.8945, -49.9980,  127, 127, 0
L 148.1125, 27.8906, -69.9979,  188.8971, 27.8971, -69.9979,  63, 63, 63
L 188.8971, 27.8971, -69.9979,  270.8981, 51.1833, -69.9979,  63, 63, 63
L 270.8981, 51.1833, -69.9979,  270.8914, 42.8915, -69.9979,  0, 0, 0
L 270.8914, 42.8915, -69.9979,  334.8920, 42.8940, -69.9979,  0, 0, 0
L 334.8920, 42.8940, -69.7623,  334.8953, -2.8948, -60.9500,  0, 0, 0
L 334.8953, -2.8948, -59.9124,  270.8915, -2.8912, -49.9980,  0, 0, 0
L 270.8915, -2.8912, -49.9980,  270.8945, -154.8927, -32.8056,  0, 0, 0
L 148.1065, 46.1085, -69.9979,  189.1296, 46.1083, -69.9979,  63, 63, 63
L 189.1296, 46.1083, -69.9979,  270.8793, 69.3195, -69.9979,  63, 63, 63
L 148.1011, 22.0878, -69.9979,  134.2092, -27.5343, -69.9979,  127, 0, 0
L 134.2092, -27.5343, -69.9979,  114.4463, -49.2843, -69.9979,  127, 0, 0
L 270.8793, 69.3195, -69.9979,  270.9202, 89.1081, -69.9980,  0, 0, 0
L 270.9202, 89.1081, -69.9980,  353.1083, 89.0908, -69.9979,  0, 0, 0
L 353.1083, 89.0908, -69.9979,  353.1087, -21.1085, -59.9979,  0, 0, 0
L 353.1087, -21.1085, -59.9979,  289.1078, -21.1063, -50.4745,  0, 0, 0
L 289.1078, -21.1063, -49.8971,  289.1057, -75.8916, -39.9980,  0, 0, 0
L 289.1057, -75.8916, -39.9980,  307.8920, -75.8923, -39.9980,  0, 0, 0
L 303.7370, -75.8921, -39.9980,  303.6307, -94.1087, -39.9980,  127, 127, 0
L 307.8940, -94.1092, -39.9980,  307.8914, -119.1087, -39.9979,  0, 0, 0
L 307.8914, -119.1087, -39.9979,  350.8913, -119.1078, -39.9980,  0, 0, 0
L 369.1077, -50.8914, -39.9980,  307.8916, -50.8916, -39.9980,  0, 0, 0
L 307.8916, -50.8916, -39.9980,  307.8920, -75.8923, -39.9980,  0, 0, 0
L 306.0877, -94.1090, -39.9980,  306.0050, -75.8922, -39.9980,  127, 127, 0
L 289.1080, -94.1072, -39.9980,  307.8940, -94.1092, -39.9980,  0, 0, 0
L 350.8913, -119.1071, -39.9980,  369.1079, -119.1105, -39.9980,  0, 0, 0
L 289.1080, -94.1072, -39.9980,  289.1073, -154.8940, -32.3174,  0, 0, 0
L 247.7969, -219.6082, -31.9980,  272.2159, -219.5775, -31.9980,  0, 0, 0
L 247.7969, -219.6082, -31.9980,  247.7969, -219.1074, -31.9980,  0, 0, 0
L 272.2055, -219.5970, -31.9980,  272.2108, -219.1083, -31.9980,  0, 0, 0
L 164.2771, 111.4622, -23.9980,  134.4535, 143.2802, -23.9980,  127, 127, 127
L 134.4535, 143.2802, -23.9980,  104.6791, 159.1614, -23.9980,  127, 127, 127
L 104.6791, 159.1614, -23.9980,  75.0913, 167.0527, -23.9980,  127, 127, 127
L 75.0913, 167.0527, -23.9980,  44.2885, 171.1537, -23.9980,  127, 127, 127
L 44.2885, 171.1537, -23.9980,  14.9739, 173.1081, -23.9980,  127, 127, 127
L 15.3258, 173.0847, -23.9980,  15.9610, 137.1089, -39.9980,  127, 127, 127
L -5.8915, 173.0473, -23.9980,  -5.8929, 137.1078, -39.9980,  127, 127, 127
L -5.8929, 137.1078, -39.9980,  15.9610, 137.1089, -39.9980,  127, 127, 127
L 14.9739, 173.1081, -21.9980,  -4.9775, 173.1082, -21.9980,  127, 127, 127
L -4.9775, 173.1082, -23.9980,  -34.9072, 171.1135, -23.9980,  127, 127, 127
L -34.9072, 171.1135, -23.9980,  -64.8188, 167.1255, -23.9980,  127, 127, 127
L -64.8188, 167.1255, -23.9980,  -94.7528, 159.1212, -23.9980,  127, 127, 127
L -94.7528, 159.1212, -23.9980,  -124.4549, 143.2788, -23.9980,  127, 127, 127
L -124.4549, 143.2788, -23.9980,  -154.2793, 111.4576, -23.9980,  127, 127, 127
L -154.2793, 111.4576, -23.9980,  -170.1719, 81.6465, -23.9980,  127, 127, 127
L -170.1719, 81.6465, -23.9980,  -177.8399, 52.8913, -23.9980,  127, 127, 127
L -177.8399, 52.8913, -23.9980,  -142.1081, 52.8917, -39.9980,  127, 127, 127
L -142.1081, 52.8917, -39.9980,  -142.1084, 21.1329, -39.9980,  127, 127, 127
L -177.8399, 21.1087, -23.9980,  -142.1084, 21.1329, -39.9980,  127, 127, 127
L -177.8399, 21.1085, -23.9980,  -170.1580, -7.6860, -23.9980,  127, 127, 127
L -170.1580, -7.6860, -23.9980,  -154.2584, -37.4882, -23.9980,  127, 127, 127
L -154.2584, -37.4882, -23.9980,  -124.4732, -69.2596, -23.9980,  127, 127, 127
L -124.4732, -69.2596, -23.9980,  -94.6771, -85.1625, -23.9980,  127, 127, 127
L -94.6771, -85.1625, -23.9980,  -64.8296, -93.1236, -23.9980,  127, 127, 127
L -64.8296, -93.1236, -23.9980,  -34.9344, -97.1097, -23.9980,  127, 127, 127
L -34.9344, -97.1097, -23.9980,  -4.9826, -99.1080, -23.9980,  127, 127, 127
L -4.9826, -99.1080, -21.9980,  14.9733, -99.1084, -21.9980,  127, 127, 127
L 15.8915, -99.0474, -23.9980,  15.8918, -63.1083, -39.9980,  127, 127, 127
L 15.8918, -63.1083, -39.9980,  -5.8917, -63.1084, -39.9980,  127, 127, 127
L -5.8912, -99.0471, -23.9980,  -5.8917, -63.1084, -39.9980,  127, 127, 127
L 14.9733, -99.1084, -23.9980,  44.9147, -97.1128, -23.9980,  127, 127, 127
L 44.9147, -97.1128, -23.9980,  74.8266, -93.1242, -23.9980,  127, 127, 127
L 74.8266, -93.1242, -23.9980,  104.6863, -85.1579, -23.9980,  127, 127, 127
L 104.6863, -85.1579, -23.9980,  134.4712, -69.2616, -23.9980,  127, 127, 127
L 134.4712, -69.2616, -23.9980,  164.2641, -37.4825, -23.9980,  127, 127, 127
L 164.2641, -37.4825, -23.9980,  180.1653, -7.6712, -23.9980,  127, 127, 127
L 180.1653, -7.6712, -23.9980,  188.1414, 22.2388, -23.9980,  127, 127, 127
L 188.1414, 22.2388, -21.9980,  188.1050, 51.8972, -21.9980,  127, 127, 127
L 187.8401, 52.8915, -23.9980,  152.1086, 52.8913, -39.9980,  127, 127, 127
L 152.1086, 52.8913, -39.9980,  152.1083, 21.1083, -39.9980,  127, 127, 127
L 187.8399, 21.1088, -23.9980,  152.1083, 21.1083, -39.9980,  127, 127, 127
L 188.1050, 51.8972, -23.9980,  180.1699, 81.6547, -23.9980,  127, 127, 127
L 180.1699, 81.6547, -23.9980,  164.2697, 111.4759, -23.9980,  127, 127, 127
L 179.8396, 52.8916, -27.9980,  172.1594, 81.6891, -27.9980,  127, 127, 127
L 172.1594, 81.6891, -27.9980,  158.2336, 109.5151, -27.9980,  127, 127, 127
L 158.2336, 109.5151, -27.9980,  130.4253, 139.2972, -27.9980,  127, 127, 127
L 130.4253, 139.2972, -27.9980,  104.6358, 153.1696, -27.9980,  127, 127, 127
L 104.6358, 153.1696, -27.9980,  74.8496, 160.1199, -27.9980,  127, 127, 127
L 74.8496, 160.1199, -27.9980,  15.8912, 165.0472, -27.9980,  127, 127, 127
L 15.8912, 165.0472, -27.9980,  -5.8916, 165.0470, -27.9980,  127, 127, 127
L -5.8916, 165.0470, -27.9980,  -64.8591, 160.1181, -27.9980,  127, 127, 127
L -64.8591, 160.1181, -27.9980,  -94.6581, 153.1647, -27.9980,  127, 127, 127
L -94.6858, 153.1565, -27.9980,  -120.4484, 139.2850, -27.9980,  127, 127, 127
L -120.4484, 139.2850, -27.9980,  -148.2655, 109.4752, -27.9980,  127, 127, 127
L -148.2409, 109.5074, -27.9980,  -162.1640, 81.6761, -27.9980,  127, 127, 127
L -162.1640, 81.6761, -27.9980,  -169.8399, 52.8913, -27.9980,  127, 127, 127
L -169.8399, 52.8913, -27.9980,  -169.8384, 21.1093, -27.9980,  127, 127, 127
L -169.8384, 21.1093, -27.9980,  -162.1661, -7.6693, -27.9980,  127, 127, 127
L -162.1661, -7.6693, -27.9980,  -148.2420, -35.5068, -27.9980,  127, 127, 127
L -148.2420, -35.5068, -27.9980,  -120.4286, -65.2955, -27.9980,  127, 127, 127
L -120.4286, -65.2955, -27.9980,  -94.6942, -79.1527, -27.9980,  127, 127, 127
L -94.6942, -79.1527, -27.9980,  -64.8487, -86.1199, -27.9980,  127, 127, 127
L -64.8487, -86.1199, -27.9980,  -5.8909, -91.0474, -27.9980,  127, 127, 127
L -5.8909, -91.0474, -27.9980,  15.8916, -91.0471, -27.9980,  127, 127, 127
L 15.8916, -91.0471, -27.9980,  74.8606, -86.1178, -27.9980,  127, 127, 127
L 74.8606, -86.1178, -27.9980,  104.7061, -79.1461, -27.9980,  127, 127, 127
L 104.7061, -79.1461, -27.9980,  130.4393, -65.2899, -27.9980,  127, 127, 127
L 130.4393, -65.2899, -27.9980,  158.2402, -35.5086, -27.9980,  127, 127, 127
L 158.2402, -35.5086, -27.9980,  172.1673, -7.6645, -27.9980,  127, 127, 127
L 172.1673, -7.6645, -27.9980,  179.8401, 21.1087, -27.9980,  127, 127, 127
L 179.8401, 21.1087, -27.9980,  179.8396, 52.8914, -27.9980,  127, 127, 127
L 164.1608, 81.6893, -31.9980,  152.2524, 107.4937, -31.9980,  127, 127, 127
L 152.2524, 107.4937, -31.9980,  126.4111, 135.3054, -31.9980,  127, 127, 127
L 126.4111, 135.3054, -31.9980,  104.9771, 146.9967, -31.9980,  127, 127, 127
L 104.9771, 146.9967, -31.9980,  74.8864, 153.1143, -31.9980,  127, 127, 127
L 74.8864, 153.1143, -31.9980,  15.8914, 157.0474, -31.9980,  127, 127, 127
L 15.8914, 157.0474, -31.9980,  -5.8916, 157.0470, -31.9980,  127, 127, 127
L -5.8916, 157.0470, -31.9980,  -65.0675, 153.0775, -31.9980,  127, 127, 127
L -65.0675, 153.0775, -31.9980,  -94.7109, 147.1426, -31.9980,  127, 127, 127
L -94.7109, 147.1426, -31.9980,  -116.4560, 135.2774, -31.9980,  127, 127, 127
L -116.4560, 135.2774, -31.9980,  -142.2392, 107.5094, -31.9980,  127, 127, 127
L -142.2392, 107.5094, -31.9980,  -154.1608, 81.6893, -31.9980,  127, 127, 127
L -154.1608, 81.6893, -31.9980,  -161.8400, 52.8913, -31.9980,  127, 127, 127
L -161.8400, 52.8913, -31.9980,  -161.8395, 21.1084, -31.9980,  127, 127, 127
L -161.8395, 21.1084, -31.9980,  -154.1602, -7.6921, -31.9980,  127, 127, 127
L -154.1602, -7.6921, -31.9980,  -142.2581, -33.4815, -31.9980,  127, 127, 127
L -142.2581, -33.4815, -31.9980,  -116.4081, -61.3075, -31.9980,  127, 127, 127
L -116.4081, -61.3075, -31.9980,  -94.6812, -73.1551, -31.9980,  127, 127, 127
L -94.6812, -73.1551, -31.9980,  -64.8711, -79.1158, -31.9980,  127, 127, 127
L -64.8711, -79.1158, -31.9980,  -5.8912, -83.0475, -31.9980,  127, 127, 127
L -5.8912, -83.0475, -31.9980,  15.8914, -83.0473, -31.9980,  127, 127, 127
L 15.8914, -83.0473, -31.9980,  74.8771, -79.1155, -31.9980,  127, 127, 127
L 74.8771, -79.1155, -31.9980,  105.0168, -72.9751, -31.9980,  127, 127, 127
L 105.0168, -72.9751, -31.9980,  126.4527, -61.2805, -31.9980,  127, 127, 127
L 126.4527, -61.2805, -31.9980,  152.9084, -32.0708, -31.9980,  127, 127, 127
L 152.9084, -32.0708, -31.9980,  164.1585, -7.6966, -31.9980,  127, 127, 127
L 164.1585, -7.6966, -31.9980,  171.8399, 21.1088, -31.9980,  127, 127, 127
L 171.8399, 21.1088, -31.9980,  171.8401, 52.8916, -31.9980,  127, 127, 127
L 171.8401, 52.8916, -31.9980,  164.1578, 81.6989, -31.9980,  127, 127, 127
L 168.1079, 52.8914, -31.9980,  168.1089, 21.1085, -31.9980,  127, 127, 127
L 184.1069, 52.8915, -23.9980,  184.1099, 21.1088, -23.9980,  127, 127, 127
L 176.1054, 52.8914, -27.9980,  176.1103, 21.1086, -27.9980,  127, 127, 127
L 164.1172, 52.8914, -33.9980,  164.1037, 21.1085, -33.9980,  127, 127, 127
L 160.1063, 52.8913, -35.9980,  160.1091, 21.1084, -35.9980,  127, 127, 127
L 163.8399, 52.8913, -35.9980,  156.1508, 81.7219, -35.9980,  127, 127, 127
L 156.1508, 81.7219, -35.9980,  146.2174, 105.5346, -35.9980,  127, 127, 127
L 146.2174, 105.5346, -35.9980,  122.4199, 131.3024, -35.9980,  127, 127, 127
L 122.4199, 131.3024, -35.9980,  104.7019, 141.1461, -35.9980,  127, 127, 127
L 104.7019, 141.1461, -35.9980,  74.9016, 146.1119, -35.9980,  127, 127, 127
L 74.9016, 146.1119, -35.9980,  15.8914, 149.0472, -35.9980,  127, 127, 127
L 15.8914, 149.0472, -35.9980,  -5.8916, 149.0472, -35.9980,  127, 127, 127
L -5.8917, 169.3730, -23.9980,  15.3988, 168.9527, -23.9980,  127, 127, 127
L 15.5373, 161.1073, -27.9980,  -5.8920, 161.1091, -27.9980,  127, 127, 127
L -5.8923, 153.1075, -31.9980,  15.6785, 153.1087, -31.9980,  127, 127, 127
L 15.8198, 145.1070, -35.9980,  -5.8926, 145.1091, -35.9980,  127, 127, 127
L -5.8914, 149.0478, -35.9980,  -65.0594, 146.0854, -35.9980,  127, 127, 127
L -65.0594, 146.0854, -35.9980,  -94.7363, 141.1268, -35.9980,  127, 127, 127
L -94.7363, 141.1268, -35.9980,  -112.4485, 131.2838, -35.9980,  127, 127, 127
L -112.4485, 131.2838, -35.9980,  -136.2527, 105.4759, -35.9980,  127, 127, 127
L -136.2527, 105.4759, -35.9980,  -146.1570, 81.7037, -35.9980,  127, 127, 127
L -146.1570, 81.7037, -35.9980,  -153.8399, 52.8911, -35.9980,  127, 127, 127
L -153.8399, 52.8911, -35.9980,  -153.8401, 21.1085, -35.9980,  127, 127, 127
L -174.1087, 21.1112, -23.9980,  -174.1078, 52.8913, -23.9980,  127, 127, 127
L -166.1082, 52.8914, -27.9980,  -166.1084, 21.1166, -27.9980,  127, 127, 127
L -158.1082, 21.1221, -31.9980,  -158.1085, 52.8915, -31.9980,  127, 127, 127
L -150.1079, 52.8916, -35.9980,  -150.1088, 21.1275, -35.9980,  127, 127, 127
L -153.8400, 21.1089, -35.9980,  -146.1478, -7.7275, -35.9980,  127, 127, 127
L -146.1478, -7.7275, -35.9980,  -136.2486, -31.4866, -35.9980,  127, 127, 127
L -136.2486, -31.4866, -35.9980,  -112.4511, -57.2813, -35.9980,  127, 127, 127
L -112.4511, -57.2813, -35.9980,  -94.6578, -67.1534, -35.9980,  127, 127, 127
L -94.6578, -67.1534, -35.9980,  -64.8787, -72.1122, -35.9980,  127, 127, 127
L -64.8787, -72.1122, -35.9980,  -5.8913, -75.0475, -35.9980,  127, 127, 127
L -5.8913, -75.0475, -35.9980,  15.8916, -75.0469, -35.9980,  127, 127, 127
L -5.8912, -95.1086, -23.9980,  15.8915, -95.1079, -23.9980,  127, 127, 127
L 15.8916, -87.1066, -27.9980,  -5.8913, -87.1096, -27.9980,  127, 127, 127
L -5.8915, -79.1073, -31.9980,  15.8917, -79.1091, -31.9980,  127, 127, 127
L 15.8918, -71.1081, -35.9980,  -5.8916, -71.1087, -35.9980,  127, 127, 127
L 15.8916, -75.0469, -35.9980,  74.9092, -72.1117, -35.9980,  127, 127, 127
L 74.9092, -72.1117, -35.9980,  104.6810, -67.1499, -35.9980,  127, 127, 127
L 104.6810, -67.1499, -35.9980,  122.4564, -57.2747, -35.9980,  127, 127, 127
L 122.4564, -57.2747, -35.9980,  146.2587, -31.4615, -35.9980,  127, 127, 127
L 146.2587, -31.4615, -35.9980,  156.1580, -7.7000, -35.9980,  127, 127, 127
L 156.1580, -7.7000, -35.9980,  163.8402, 21.1091, -35.9980,  127, 127, 127
L 155.8403, 21.1093, -39.9980,  155.8401, 52.8912, -39.9980,  127, 127, 127
L 155.8401, 52.8912, -39.9980,  148.1451, 81.7418, -39.9980,  127, 127, 127
L 148.1451, 81.7418, -39.9980,  140.2306, 103.5080, -39.9980,  127, 127, 127
L 140.2306, 103.5080, -39.9980,  118.4161, 127.3077, -39.9980,  127, 127, 127
L 118.4161, 127.3077, -39.9980,  104.6523, 135.1469, -39.9980,  127, 127, 127
L 104.6523, 135.1469, -39.9980,  74.9372, 139.1092, -39.9980,  127, 127, 127
L 74.9372, 139.1092, -39.9980,  15.8916, 141.0476, -39.9980,  127, 127, 127
L 15.8916, 141.0476, -39.9980,  -5.8914, 141.0478, -39.9980,  127, 127, 127
L -5.8914, 141.0478, -39.9980,  -64.9306, 139.1091, -39.9980,  127, 127, 127
L -64.9306, 139.1091, -39.9980,  -94.7113, 135.1380, -39.9980,  127, 127, 127
L -94.7113, 135.1380, -39.9980,  -108.4528, 127.2777, -39.9980,  127, 127, 127
L -108.4528, 127.2777, -39.9980,  -130.2395, 103.4826, -39.9980,  127, 127, 127
L -130.2395, 103.4826, -39.9980,  -138.1406, 81.7537, -39.9980,  127, 127, 127
L -138.1406, 81.7537, -39.9980,  -145.8400, 52.8916, -39.9980,  127, 127, 127
L -145.8400, 52.8916, -39.9980,  -145.8395, 21.1084, -39.9980,  127, 127, 127
L -145.8395, 21.1084, -39.9980,  -138.0054, -8.1256, -39.9980,  127, 127, 127
L -138.0054, -8.1256, -39.9980,  -130.2023, -29.5511, -39.9980,  127, 127, 127
L -130.2023, -29.5511, -39.9980,  -107.8515, -53.6290, -39.9980,  127, 127, 127
L -107.8515, -53.6290, -39.9980,  -94.6016, -61.1535, -39.9980,  127, 127, 127
L -94.6016, -61.1535, -39.9980,  -64.7021, -65.1077, -39.9980,  127, 127, 127
L -64.7021, -65.1077, -39.9980,  -34.7448, -65.1199, -39.9980,  127, 127, 127
L -34.7448, -65.1199, -39.9980,  -5.8914, -67.0470, -39.9980,  127, 127, 127
L -5.8914, -67.0470, -39.9980,  15.8915, -67.0471, -39.9980,  127, 127, 127
L 15.8915, -67.0471, -39.9980,  44.3849, -65.1448, -39.9980,  127, 127, 127
L 44.3849, -65.1448, -39.9980,  74.5803, -65.1082, -39.9980,  127, 127, 127
L 74.5803, -65.1082, -39.9980,  104.7261, -61.1297, -39.9980,  127, 127, 127
L 104.7261, -61.1297, -39.9980,  118.4383, -53.2935, -39.9980,  127, 127, 127
L 118.4383, -53.2935, -39.9980,  140.2323, -29.5032, -39.9980,  127, 127, 127
L 140.2323, -29.5032, -39.9980,  148.3171, -7.0973, -39.9980,  127, 127, 127
L 148.3171, -7.0973, -39.9980,  155.8401, 21.1085, -39.9980,  127, 127, 127
L 151.8781, 27.8912, -69.9980,  151.9273, 46.1084, -69.9980,  127, 127, 0
L -96.7346, 482.4725, 1.0067,  -95.8251, 321.5141, 1.0067,  240, 127, 0
L -95.8251, 321.5141, 0.5020,  -92.8934, 321.5106, 0.5020,  240, 127, 0
L -92.8934, 321.5106, 1.0067,  -93.7558, 482.5795, 1.0067,  240, 127, 0
L -93.7558, 482.5795, 0.5020,  -96.7346, 482.4725, 0.5020,  240, 127, 0
P -195.2771, 872.6266, 0.0020,  0, 127, 0,  3,  to_Nexus
P 175.8887, 881.1080, 10.0020,  0, 127, 0,  2,  to_Shadow_Haven
P 0.0000, 900.0000, 0.0030,  0, 0, 0,  2,  Map_by_Goodurden
L 191.6774, 686.5959, 1.0020,  191.6774, 686.5959, 1.0020,  0, 0, 0
L 368.5142, -119.1481, -39.9980,  368.5147, -51.4850, -39.9979,  0, 0, 0